Date,Open,High,Low,Close,Volume,OpenInterest
2021-06-10T13:07:00Z,12.49,12.49,12.49,12.49,330,0
2021-06-10T13:11:00Z,12.22,12.22,12.22,12.22,500,0
2021-06-10T13:30:00Z,11.49,11.49,11.4,11.4,4157,0
2021-06-10T13:31:00Z,11.35,11.35,11.24,11.25,2120,0
2021-06-10T13:34:00Z,11.6912,11.6912,11.53,11.53,754,0
2021-06-10T13:35:00Z,11.68,11.68,11.68,11.68,475,0
2021-06-10T13:36:00Z,11.38,11.44,11.38,11.44,580,0
2021-06-10T13:37:00Z,11.39,11.6,11.38,11.4075,4349,0
2021-06-10T13:38:00Z,11.5,11.5,11.5,11.5,245,0
2021-06-10T13:39:00Z,11.33,11.33,11.33,11.33,215,0
2021-06-10T13:40:00Z,11.33,11.33,11.33,11.33,111,0
2021-06-10T13:41:00Z,11.4382,11.4382,11.4382,11.4382,2197,0
2021-06-10T13:42:00Z,11.4,11.4456,11.3423,11.4456,499,0
2021-06-10T13:43:00Z,11.4,11.45,11.33,11.33,3746,0
2021-06-10T13:44:00Z,11.33,11.4311,11.33,11.33,1173,0
2021-06-10T13:46:00Z,11.33,11.4321,11.33,11.3948,1215,0
2021-06-10T13:47:00Z,11.33,11.35,11.26,11.3,10681,0
2021-06-10T13:48:00Z,11.3,11.44,11.2947,11.36,4450,0
2021-06-10T13:51:00Z,11.3,11.3,11.3,11.3,250,0
2021-06-10T13:54:00Z,11.42,11.42,11.42,11.42,100,0
2021-06-10T13:57:00Z,11.3,11.3,11.3,11.3,151,0
2021-06-10T13:58:00Z,11.23,11.23,11.23,11.23,499,0
2021-06-10T13:59:00Z,11.27,11.28,11.23,11.23,1535,0
2021-06-10T14:01:00Z,11.2,11.3,11.2,11.3,1000,0
2021-06-10T14:02:00Z,11.15,11.15,11.13,11.13,378,0
2021-06-10T14:04:00Z,11.1301,11.1301,11.13,11.13,2100,0
2021-06-10T14:05:00Z,11.18,11.18,11.18,11.18,180,0
2021-06-10T14:06:00Z,11.1601,11.1601,11.14,11.14,3037,0
2021-06-10T14:07:00Z,11.06,11.06,11.06,11.06,100,0
2021-06-10T14:08:00Z,11.04,11.16,11.01,11.16,2402,0
2021-06-10T14:09:00Z,11.14,11.14,11.1,11.1,450,0
2021-06-10T14:10:00Z,11.164,11.164,11.13,11.13,1437,0
2021-06-10T14:11:00Z,11.1493,11.1799,11.1493,11.1799,706,0
2021-06-10T14:12:00Z,11.18,11.18,11.15,11.15,279,0
2021-06-10T14:13:00Z,11.15,11.15,11.15,11.15,100,0
2021-06-10T14:14:00Z,11.165,11.2,11.165,11.2,1369,0
2021-06-10T14:17:00Z,11.4,11.4131,11.4,11.4131,915,0
2021-06-10T14:18:00Z,11.345,11.345,11.345,11.345,104,0
2021-06-10T14:19:00Z,11.3942,11.3942,11.3942,11.3942,100,0
2021-06-10T14:21:00Z,11.44,11.4716,11.44,11.4716,1000,0
2021-06-10T14:23:00Z,11.4,11.4,11.4,11.4,762,0
2021-06-10T14:25:00Z,11.35,11.35,11.35,11.35,225,0
2021-06-10T14:30:00Z,11.4,11.4,11.4,11.4,1470,0
2021-06-10T14:31:00Z,11.45,11.45,11.4499,11.4499,487,0
2021-06-10T14:32:00Z,11.45,11.45,11.45,11.45,205,0
2021-06-10T14:34:00Z,11.4,11.4,11.4,11.4,401,0
2021-06-10T14:35:00Z,11.36,11.37,11.28,11.28,4535,0
2021-06-10T14:36:00Z,11.28,11.28,11.28,11.28,100,0
2021-06-10T14:37:00Z,11.25,11.25,11.25,11.25,250,0
2021-06-10T14:41:00Z,11.25,11.25,11.25,11.25,100,0
2021-06-10T14:42:00Z,11.25,11.25,11.25,11.25,101,0
2021-06-10T14:44:00Z,11.3,11.3,11.3,11.3,100,0
2021-06-10T14:45:00Z,11.3493,11.3493,11.3493,11.3493,313,0
2021-06-10T14:46:00Z,11.28,11.39,11.28,11.39,270,0
2021-06-10T14:47:00Z,11.25,11.25,11.25,11.25,292,0
2021-06-10T14:49:00Z,11.27,11.27,11.27,11.27,175,0
2021-06-10T14:50:00Z,11.3,11.3201,11.3,11.3201,330,0
2021-06-10T14:51:00Z,11.27,11.31,11.27,11.31,209,0
2021-06-10T14:52:00Z,11.25,11.27,11.15,11.15,1095,0
2021-06-10T14:53:00Z,11.0138,11.0138,11.01,11.01,362,0
2021-06-10T14:54:00Z,11.03,11.03,11.03,11.03,5000,0
2021-06-10T14:56:00Z,11.05,11.05,11.05,11.05,330,0
2021-06-10T14:58:00Z,11.06,11.06,11.03,11.03,500,0
2021-06-10T14:59:00Z,11.03,11.03,11,11,868,0
2021-06-10T15:00:00Z,11,11.02,11,11.02,500,0
2021-06-10T15:01:00Z,11.01,11.01,11.01,11.01,200,0
2021-06-10T15:02:00Z,11,11,11,11,404,0
2021-06-10T15:03:00Z,11.02,11.02,11.02,11.02,200,0
2021-06-10T15:04:00Z,11,11,11,11,600,0
2021-06-10T15:05:00Z,11,11,11,11,200,0
2021-06-10T15:06:00Z,11,11,11,11,400,0
2021-06-10T15:07:00Z,11,11,11,11,250,0
2021-06-10T15:08:00Z,11,11,11,11,209,0
2021-06-10T15:09:00Z,10.97,11.12,10.97,11,1327,0
2021-06-10T15:10:00Z,11.01,11.09,11,11.09,380,0
2021-06-10T15:11:00Z,11.06,11.06,11.06,11.06,100,0
2021-06-10T15:12:00Z,11,11,11,11,502,0
2021-06-10T15:15:00Z,11.2589,11.2589,11,11,1347,0
2021-06-10T15:16:00Z,11,11,11,11,305,0
2021-06-10T15:17:00Z,11.0912,11.0912,11.0912,11.0912,200,0
2021-06-10T15:22:00Z,11,11.02,11,11,400,0
2021-06-10T15:23:00Z,11.2,11.2,11,11,300,0
2021-06-10T15:24:00Z,11,11,11,11,201,0
2021-06-10T15:27:00Z,10.95,10.99,10.95,10.99,200,0
2021-06-10T15:31:00Z,11,11,11,11,425,0
2021-06-10T15:32:00Z,11,11,11,11,825,0
2021-06-10T15:34:00Z,10.98,10.98,10.98,10.98,203,0
2021-06-10T15:37:00Z,11.04,11.05,11.04,11.05,200,0
2021-06-10T15:38:00Z,11.05,11.05,11.05,11.05,200,0
2021-06-10T15:40:00Z,11.05,11.05,11.05,11.05,100,0
2021-06-10T15:41:00Z,11.02,11.03,11,11,535,0
2021-06-10T15:42:00Z,11,11,11,11,100,0
2021-06-10T15:49:00Z,11.05,11.05,11.05,11.05,272,0
2021-06-10T15:50:00Z,11.05,11.05,11.05,11.05,500,0
2021-06-10T15:51:00Z,11.05,11.08,11.05,11.08,520,0
2021-06-10T15:52:00Z,11.01,11.02,11.01,11.02,210,0
2021-06-10T15:53:00Z,11,11.02,11,11,589,0
2021-06-10T15:55:00Z,11,11,11,11,300,0
2021-06-10T15:56:00Z,11,11,11,11,110,0
2021-06-10T15:57:00Z,11,11.0699,11,11.0699,600,0
