Account Value
2997.856
3000.279
2991.990
3003.592
3005.594
3012.436
3013.693
3017.876
3020.771
3015.934
3010.690
3009.002
3010.026
3011.870
3012.953
3011.333
3010.897
3009.007
3010.489
3011.581
3011.524
3017.378
3016.688
3018.374
3019.715
3015.821
3015.423
3011.939
3013.307
3013.726
3007.062
3007.187
3017.819
3018.802
3018.959
3019.094
3017.159
3014.296
3016.268
3015.796
3030.140
3030.175
3036.856
3035.959
3044.254
3043.330
3041.830
3044.860
3040.858
3044.292
3042.479
3037.593
3035.003
3030.132
3026.744
3023.962
3017.969
3013.019
3010.244
3011.179
3015.160
3021.655
3015.089
3016.010
3010.475
3005.824
3003.901
3006.603
3004.731
3000.580
3002.214
3006.912
3003.893
2996.915
2995.430
2995.866
2988.717
2992.095
2994.535
2993.061
2990.672
2989.835
2995.306
3001.380
2999.698
2997.801
2997.162
2993.438
2993.814
2994.576
2998.163
3003.680
3006.433
3008.715
3007.122
3008.294
3011.959
3017.079
3019.841
3019.526
