Account Value
3346.379
3349.089
3340.843
3351.843
3354.290
3361.237
3362.360
3366.769
3369.684
3364.453
3359.533
3357.870
3358.596
3360.534
3361.479
3359.585
3359.513
3357.653
3358.874
3359.829
3359.888
3365.889
3364.702
3366.619
3367.016
3363.420
3362.989
3359.862
3361.255
3361.480
3354.995
3354.894
3365.310
3366.380
3366.670
3366.851
3365.009
3361.635
3363.662
3362.904
3377.451
3377.665
3384.840
3383.866
3392.048
3391.472
3390.361
3393.651
3389.780
3392.906
3390.893
3386.026
3383.452
3378.634
3375.146
3372.305
3366.174
3361.161
3358.544
3359.542
3363.786
3370.364
3363.821
3364.422
3359.155
3354.497
3352.461
3354.984
3352.981
3348.878
3350.335
3355.192
3352.194
3345.219
3343.903
3344.131
3336.924
3340.330
3342.700
3341.092
3338.638
3337.774
3343.251
3349.400
3347.739
3346.022
3345.577
3341.860
3341.956
3342.825
3346.335
3351.559
3354.274
3356.646
3354.880
3356.266
3359.812
3365.232
3368.184
3368.134
